0.0252990565765231
-0.546571548120052
0.851079453926037
1.59016983903682
1.25453858864043
-0.567362878317685
0.492529671281099
1.13620892267863
1.67278589545992
0.631576518257838
-0.762315382773614
1.42742623932951
1.8807758343356
0.19101832893291
-0.684893812367729
1.1536963716565
1.6640807132794
0.58141050511088
-0.745161252523899
1.46289199046699
1.97928888217966
0.232372960355414
-0.677034516676723
0.930131602340906
1.3832347279446
0.888282788985969
-0.338750061151234
0.917412850400842
1.97590429051552
1.51635968286282
-0.683017358932725
0.268040366029486
0.20696312293953
1.62448854874203
2.59031374936418
0.83605169270561
0.676577434630719
-0.844799090663232
0.961185165965403
0.916857223227495
0.568589163566316
0.602395000474087
1.29657373933255
1.57282626118424
0.173477738324431
-0.49704780451131
1.5576355144117
2.580220040329
0.926067095067329
0.589050080093456
-0.822360839224728
0.969706917657279
1.00714929228723
0.581657721438348
0.409820796228118
1.245995544482
1.90079814246824
0.607042675010311
-0.871482937487536
1.24438218395095
1.27863492143636
0.0856332784424136
-0.0120440116533455
1.65767266121671
2.85290741500384
1.27351638190588
2.33222087187835
0.937679059855784
0.868875769663371
-0.80568605279689
0.696307854331687
0.629917658404627
1.06424091902966
1.36037026411646
0.550348038402066
-0.303523755829221
1.39231670139137
2.53073063402356
1.16476939748016
0.33978000182998
-0.71318901772804
0.88449526228004
1.22349473883845
0.888729928458977
-0.0198846284744024
0.763140963004988
1.98245881904137
1.91702111160593
-0.34540593116921
-0.0643275258156349
-0.039053746479092
1.58518309829334
2.77504485010039
1.23292057093972
1.73425592720046
-0.0310309788352614
-0.297100380413758
0.135010872020801
1.3928558280443
2.41598215046288
