-0.0935914051565008
0.881015126512912
2.32765163406188
2.4120635818323
1.22066793780637
0.567313117489161
1.96019452031008
2.47082103988915
2.11625859300853
0.743857347989803
0.946602848458554
2.6323059577499
1.80305055676482
0.103292786189584
0.887194445038243
2.4734296845353
2.08857260432033
0.7302661106802
0.990266256896717
2.67672530125907
1.79617167488341
-0.0639171662112633
0.747432608683573
2.28134891607786
2.21284712355631
1.35053120898256
1.17654499206107
2.49766069262894
2.54415742487286
0.651809403282172
-0.114982814771079
1.33858942326302
1.97553640821483
2.92384251770681
1.82200313843195
-1.07805684809093
0.113864122514861
0.48516931714809
2.09824405063012
1.91703616436559
1.76023757451557
2.08958821622376
2.4820628242738
1.84286812289604
0.638970513096222
1.33620951911494
2.9068899518604
1.93207633151151
-0.994582454186675
0.0651117956803001
0.534967534691672
2.14134250449166
1.95889729994927
1.66915305790491
1.95606425320619
2.59048286034097
2.08367652118837
0.316505627568699
0.664080423006066
2.34956012145965
1.76177600678448
1.02380270906858
1.82672523244943
3.01658087541187
1.88669390895123
-1.50503182179329
0.0398691285687332
-1.12063611692444
0.0716312405830516
0.296668211031301
1.84410034318587
2.00727109997323
2.32431744942293
2.04215700690289
1.19279994300423
1.45647872484697
2.85038085169278
2.17752925558445
-0.736261572823181
-0.0823406585364543
0.655577640681736
2.19750671130556
2.17450786352751
1.57715259470769
1.41019845462946
2.43071138316708
2.71409541644053
0.834618696250966
-0.53220117217946
0.831937433520225
1.77551403632551
2.97680349172948
1.97712193495743
-1.31630199470369
-0.0139679527458165
-0.519675765645948
0.671130700416759
0.0252990565765231
-0.546571548120052
0.851079453926037
